0 793 1
0 1167 1
0 3499 1
0 1825 1
0 397 1
1 3027 1
1 2744 1
1 844 1
1 2700 1
1 385 1
1 1599 1
1 3712 1
1 514 1
1 1405 1
1 4092 1
1 813 1
1 3851 1
1 3234 1
1 31 1
1 532 1
1 1821 1
1 2678 1
1 3283 1
1 4460 1
2 2896 1
3 107 1
3 3414 1
3 3639 1
3 1077 1
3 2292 1
3 1714 1
3 1127 1
3 3532 1
3 3898 1
3 2835 1
3 3759 1
4 132 1
4 123 1
4 113 1
4 881 1
4 4020 1
4 193 1
4 17 1
4 192 1
4 2023 1
4 216 1
4 1494 1
4 4379 1
4 2598 1
4 158 1
4 8 1
5 140 1
5 4146 1
5 1849 1
5 4286 1
6 1338 1
6 2247 1
6 3235 1
6 2641 1
6 3778 1
6 454 1
6 3058 1
6 3152 1
6 926 1
6 1409 1
6 735 1
6 951 1
6 136 1
6 3656 1
6 2701 1
6 3731 1
6 3810 1
6 312 1
6 3773 1
6 3934 1
7 72 1
7 11 1
7 462 1
7 152 1
8 4531 1
8 3030 1
8 3313 1
8 3496 1
9 3966 1
9 4342 1
9 1086 1
9 1805 1
10 3011 1
10 3393 1
10 3907 1
10 2590 1
10 1289 1
10 4227 1
10 1062 1
10 1607 1
10 3914 1
11 4010 1
11 1694 1
11 107 1
11 124 1
11 2880 1
11 1186 1
12 351 1
12 443 1
12 2590 1
12 1603 1
13 1039 1
13 2974 1
14 1341 1
14 1593 1
14 1088 1
14 4380 1
14 4264 1
15 4669 1
15 3499 1
15 1708 1
15 1167 1
15 1724 1
15 1724 1
15 178 1
15 1505 1
15 1766 1
15 397 1
15 3540 1
15 2950 1
16 4616 1
16 4315 1
16 3409 1
16 3689 1
16 2989 1
16 3313 1
16 1510 1
16 4590 1
16 1676 1
16 4575 1
16 4173 1
17 17 1
18 1936 1
18 3649 1
19 1551 1
19 3679 1
19 2273 1
19 2327 1
19 1550 1
20 1117 1
20 3785 1
20 770 1
20 1226 1
20 577 1
21 2882 1
22 1745 1
22 1550 1
22 2273 1
22 1919 1
22 1891 1
22 1911 1
22 3321 1
22 3485 1
22 1697 1
22 1789 1
22 1800 1
22 2204 1
23 4153 1
23 208 1
23 193 1
24 4645 1
24 4136 1
24 4435 1
24 3415 1
24 2813 1
24 3530 1
24 2549 1
24 3313 1
25 499 1
25 588 1
25 679 1
25 4096 1
25 920 1
25 2372 1
25 97 1
25 2072 1
25 2930 1
25 2770 1
26 2612 1
27 1163 1
27 1819 1
27 2140 1
27 2453 1
28 3824 1
28 2203 1
28 2952 1
28 2062 1
28 786 1
28 3505 1
29 123 1
29 881 1
29 193 1
29 17 1
29 158 1
29 4020 1
30 3805 1
30 3800 1
30 1246 1
31 2155 1
31 1795 1
31 3165 1
31 2243 1
31 2285 1
31 1137 1
32 3622 1
32 580 1
32 2422 1
32 3921 1
32 449 1
32 1166 1
32 1786 1
32 1197 1
33 107 1
33 3869 1
33 1219 1
33 4160 1
33 4295 1
33 1861 1
33 785 1
33 1556 1
33 3599 1
33 1687 1
33 4354 1
33 4442 1
33 4288 1
33 4368 1
33 633 1
33 1676 1
33 1040 1
33 3501 1
33 3224 1
33 1986 1
34 4650 1
34 4678 1
34 876 1
34 1696 1
35 120 1
35 2255 1
35 605 1
35 3212 1
35 3852 1
36 3409 1
36 1535 1
36 4193 1
36 2181 1
36 4119 1
36 4181 1
36 3590 1
36 4575 1
37 1258 1
37 1032 1
37 3352 1
37 653 1
37 1443 1
38 3557 1
38 1948 1
38 3092 1
39 4650 1
39 4292 1
39 2938 1
39 610 1
39 4521 1
39 3125 1
39 1144 1
39 2150 1
39 3894 1
39 1696 1
39 876 1
39 1928 1
39 2684 1
39 542 1
39 285 1
39 3165 1
39 3488 1
39 363 1
40 4292 1
40 4521 1
40 4366 1
40 1715 1
41 199 1
41 202 1
41 211 1
41 253 1
41 306 1
41 378 1
41 460 1
41 482 1
41 534 1
41 4629 1
42 3313 1
42 3548 1
42 19 1
42 2597 1
42 2277 1
42 992 1
42 1991 1
42 2823 1
42 4371 1
43 998 1
43 4616 1
43 388 1
43 4435 1
43 4366 1
43 2847 1
43 1777 1
43 3747 1
43 3899 1
43 4153 1
43 3668 1
43 4249 1
43 3919 1
43 2448 1
43 3609 1
43 3966 1
43 1032 1
44 3875 1
44 3808 1
44 1026 1
44 4410 1
44 887 1
44 1226 1
45 3328 1
45 3646 1
45 2317 1
46 998 1
46 4616 1
46 388 1
46 4435 1
46 2847 1
46 4153 1
47 998 1
47 776 1
47 3609 1
47 3919 1
47 1947 1
47 4616 1
48 2155 1
48 1819 1
48 2285 1
49 4435 1
49 17 1
49 1568 1
49 2761 1
49 193 1
49 158 1
49 881 1
49 1494 1
49 123 1
49 8 1
49 192 1
49 3213 1
50 2864 1
50 3448 1
50 3438 1
50 1841 1
50 2168 1
50 4099 1
50 898 1
50 3045 1
50 2681 1
50 840 1
50 3655 1
50 352 1
51 1213 1
51 3322 1
51 1899 1
51 162 1
52 1144 1
52 2938 1
52 4292 1
52 3125 1
52 2684 1
52 1365 1
52 2150 1
52 4547 1
52 1928 1
52 1819 1
52 3978 1
52 1917 1
52 3894 1
52 535 1
52 4650 1
52 2101 1
52 1152 1
53 216 1
54 2643 1
54 3675 1
54 2637 1
54 3800 1
54 4106 1
54 4359 1
54 3585 1
54 1849 1
54 2943 1
54 3967 1
54 4317 1
54 3212 1
54 2266 1
55 3415 1
55 2813 1
55 4645 1
55 4590 1
55 3530 1
55 2640 1
55 2549 1
55 4136 1
55 2354 1
55 1719 1
55 1345 1
55 3649 1
55 1844 1
55 2118 1
55 4191 1
55 4435 1
55 2284 1
55 1252 1
55 3313 1
55 1918 1
56 1727 1
56 2181 1
56 2308 1
56 3311 1
56 2287 1
56 1949 1
56 3590 1
57 2813 1
57 1345 1
57 4590 1
57 3313 1
57 4136 1
57 1252 1
58 193 1
58 123 1
58 132 1
58 881 1
58 4379 1
58 192 1
58 2023 1
58 113 1
58 216 1
58 1494 1
58 3477 1
59 2146 1
59 12929 1
59 10 1
59 132 1
59 7194 1
59 8229 1
59 12388 1
59 130 1
59 8030 1
59 13538 1
59 16211 1
59 5943 1
59 16153 1
60 2835 1
60 1994 1
61 998 1
61 4616 1
61 388 1
61 4435 1
61 2847 1
61 4378 1
62 1845 1
62 3407 1
62 491 1
62 4084 1
62 3754 1
62 3250 1
62 94 1
62 1641 1
62 3141 1
63 2267 1
63 3449 1
63 2630 1
63 1605 1
63 2675 1
63 2837 1
63 1948 1
63 3557 1
63 2813 1
63 1919 1
63 3332 1
63 3507 1
63 3592 1
63 2271 1
64 178 1
64 1738 1
64 503 1
64 321 1
64 3841 1
64 1724 1
64 3837 1
64 3913 1
64 1119 1
64 448 1
64 3310 1
65 291 1
65 80 1
65 2109 1
65 728 1
65 3811 1
65 1083 1
65 981 1
65 3952 1
65 335 1
65 1994 1
66 469 1
66 1074 1
66 2424 1
66 1960 1
66 2655 1
67 3681 1
67 2535 1
67 1794 1
67 1209 1
67 2885 1
67 3154 1
67 1616 1
67 1595 1
67 3645 1
67 4505 1
67 4089 1
67 47 1
67 170 1
67 165 1
67 3624 1
67 439 1
67 4475 1
67 3678 1
67 3167 1
68 4490 1
69 388 1
69 4435 1
