1000041
1002986
1015440
1016318
1017040
1017192
1018120
1018575
1033093
1033093
1035294
1036184
1041829
1044013
1044632
1047666
1048686
1049830
1050721
1050735
1054640
1054647
1056797
1059564
1065759
1066386
1066994
1067456
1070947
1070947
1071773
1072233
1074624
1075137
1079316
1080248
1081812
1084630
1091301
1099547
1100583
1102611
1103670
1103734
1105304
1105535
1106112
1106878
1108406
1108478
1110147
1110561
1110575
1111293
1112260
1113072
1113517
1113938
1115321
1115305
1116171
1116166
1116203
1117037
1117167
1118084
1120619
1121745
1121936
1123124
1124673
1125092
1126453
1131310
1132361
1133059
1133152
1136155
1137174
1143993
1143995
1147063
1147763
1147808
1148316
1148926
1152346
1155560
1156284
1156961
1157749
1158258
1160489
1164078
1165309
1165806
1165989
1166693
1166703
1167467
1167487
1168391
1168811
1169085
1170475
1170476
1171723
1171759
1171816
1171885
1172203
1173277
1173254
1173361
1173372
1173567
1173528
1173697
1174071
1174074
1174194
1174469
1175994
1176417
1176934
1177041
1177443
1177530
1178597
1179831
1180257
1180537
1180845
1181375
1182418
1182422
1183255
1183528
1183922
1184025
1184198
1184253
1185643
1185623
1187488
1187874
1188483
1189308
1189348
1190409
1190495
1192364
1193104
1193223
1196365
1196972
1197096
1197284
1197458
1197996
1198053
1198187
1198655
1199229
1199743
1199995
1200783
1200928
1200936
1201012
1201847
1201991
1202140
1202847
1203107
1204252
1204915
1205198
1205625
1206101
1206746
1206912
1208046
1208316
1211033
1211271
1212247
1212263
1212436
1212437
1213424
1213402
1214102
1214569
1215027
1216754
1216959
1217067
1217276
1218177
1218794
1218871
1218871
1219421
1219602
1219920
1220342
1221941
1222117
1222993
1223293
1223438
1223853
1223986
1224342
1225862
1226031
1226656
1227267
1227255
1227539
1228206
1228322
1230248
1230734
1231446
1231739
1232270
1236066
1241627
1241735
1242438
1243298
1270501
1276106
1277031
128077
1285543
1287793
144955
145482
167548
183925
191301
1017064
1100583
1116171
1168779
1182416
1182417
1198655
243011
255699
263610
274197
303268
314482
1182424
1198692
320710
324485
385115
390887
411469
320710
428931
431510
434531
452275
456294
476952
486297
486676
488217
492310
508285
527439
529413
535345
543594
556036
560690
561489
601307
606775
616276
625222
63423
635897
636142
640827
646916
653821
659699
666102
666954
667259
673657
684968
688043
691676
693712
704107
706466
709348
718656
721520
730931
733653
733866
740504
743365
752939
756147
760048
760287
76430
764991
770085
785251
785661
792754
797373
798441
704107
806466
809955
810116
814276
814921
822891
826933
830710
831279
832260
832606
836449
837095
846868
850894
855535
857790
859191
859423
866380
873592
877375
877995
888188
888546
896417
897184
95797
160363
342257
428610
492579
493464
493467
521457
560694
636447
640723
654254
657771
686000
805458
846481
1002522
1022268
1026133
1071104
1080276
1114592
1114583
1116733
1131423
1151793
1156030
1158256
1158419
1168291
1176201
1196276
1196490
1206327
1211328
1213796
1223022
1223321
1223557
1229940
1231869
1234565
1236855
1237688
1238032
1238695
1238932
1238995
1239261
1239405
1239978
1240359
1253521
1255404
1257268
1257669
1257832
1257950
1258629
1258577
1266201
1272050
1276103
1276105
1276112
1277645
1293455
1293486
1294611
1295235
527350
558555
566523
608210
677932
734125
734122
780576
827638
1049847
1058863
1182413
1193608
1201885
1202267
1227095
1231050
1238424
1246589
1257529
1259069
1266139
1267914
1268329
1268820
1276108
1280272
1293979
1296636
1298471
1299648
1105537
1181697
1211606
1238794
1257622
1269587
1277159
1287294
1296039
1296276
1296608
1299217
1301958
1302448
1318253
474225
787466
1002038
1070534
1074030
1076389
1084164
1115303
1119237
1134004
1142770
1155998
1170957
1181576
1182418
1204572
1217966
1224582
1238200
1253932
1265914
1268776
1277282
1287012
1295521
1297341
1297533
1298370
1299939
1300008
1304607
1306344
1313383
1320086
1320087
1320318
1330486
333104
369579
412342
672164
749666
769625
769625
798444
807675
8233717
837528
867408
869839
1043081
1056183
1062005
1113077
1116209
1135104
1145436
1158173
1171590
1174857
1184600
1186951
1197542
1222532
1240613
1240614
1241086
1287984
1289403
1299943
1306362
1313670
1314007
1321281
1321337
1321360
1321946
1321958
1321958
1328343
1328768
1331421
1331480
1333119
1334087
1343110
1343437
1344176
142994
183949
324393
378325
385120
690572
695102
695230
824261
871565
878414
1107741
1115774
1217737
1239430
1254613
1261767
1268324
1272180
1294305
1295577
1298525
1311890
1315550
1320156
1325324
1333081
1333508
1334676
1336811
1344459
1350582
1352710
188380
352490
353112
411463
557650
636389
736200
803587
822913
1016648
1031619
1041059
1042265
1062004
1073851
1083830
1096380
1140617
1149558
1174024
1183614
1190437
1190561
1213284
1218995
1225400
1235822
1238787
1254002
1257378
1260674
1269018
1275828
1277805
1277808
1285737
1288621
1290216
1294423
1299607
1303502
1311045
1311120
1315884
1318684
1319626
1323491
1324588
1324695
1325173
1326905
1330376
1333911
1334070
1334677
1339792
1339796
13454365
1345465
1345608
1347759
1347961
1348865
1350363
1350484
1352901
1353108
1354853
1354858
1355271
1365091
1365340
1368281
1368283
1368893
1369903
1371089
1371937
466916
466916
534565
536718
566361
603161
654563
654558
695139
714051
763249
776729
841780
888878
897517
897520
