128 53
147 64
126 65
120 62
158 88
116 61
144 58
117 45
120 55
115 55
165 70
120 56
95 54
128 82
175 82
116 51
111 32
108 51
111 43
114 60
131 65
115 45
139 85
78 30
142 73
113 46
114 55
105 47
111 43
103 48
109 61
116 58
116 67
148 65
120 63
155 86
138 65
109 57
132 76
106 57
69 37
127 60
115 50
134 70
138 65
140 58
118 52
164 75
128 66
99 48
143 71
128 61
115 52
92 39
80 34
102 46
152 63
63 29
148 82
109 68
172 80
115 52
109 37
117 51
101 39
88 51
117 70
101 39
99 49
93 48
96 44
109 53
95 50
85 43
117 54
107 51
148 55
120 51
133 68
144 90
112 54
123 59
98 54
111 55
73 47
85 45
120 51
111 62
117 55
154 53
106 57
84 31
123 67
197 99
163 77
169 71
155 87
162 105
170 95
154 81
151 70
139 77
109 71
119 69
156 75
144 53
141 72
125 58
127 85
144 69
177 89
176 107
148 68
118 84
122 76
189 102
160 82
139 70
141 73
126 69
152 74
143 74
136 54
132 65
169 73
127 73
136 77
147 67
112 65
161 89
146 79
153 97
138 59
132 70
124 60
184 105
155 117
122 68
128 73
115 74
107 66
147 75
95 61
148 97
125 82
153 71
124 80
158 71
115 60
171 86
129 72
131 66
172 92
133 76
121 62
181 132
161 90
143 70
140 86
124 81
115 67
104 61
93 63
137 92
138 71
142 81
167 85
146 60
166 70
153 79
139 77
176 101
166 81
145 79
192 109
122 81
153 100
167 106
151 61
156 68
124 66
123 81
128 48
136 75
131 69
169 70
112 63
159 85
162 76
155 88
177 98
123 82
123 54
148 78
122 62
117 52
139 82
164 83
168 87
124 76
159 83
121 69
176 83
134 67
154 86
133 71
112 75
110 68
157 118
184 101
173 73
138 81
185 102
108 71
174 98
119 77
139 81
127 74
147 87
123 73
176 80
133 72
156 71
131 71
129 77
142 74
114 65
131 71
161 126
149 84
138 67
158 97
118 61
109 63
132 70
107 75
125 76
134 84
129 53
183 75
126 60
147 54
128 52
128 58
115 49
120 35
116 48
145 54
91 31
85 39
108 44
139 63
119 29
120 48
130 41
130 66
146 49
127 47
115 39
107 49
112 39
161 71
122 57
145 82
120 48
142 44
137 45
118 42
141 60
128 63
60 27
147 49
132 43
110 37
115 45
120 51
123 54
119 33
133 38
128 58
185 60
115 39
139 51
122 62
135 60
140 61
157 70
71 37
130 62
100 42
152 63
126 52
124 33
48 25
131 63
140 74
126 46
130 50
118 35
116 53
116 36
139 56
110 46
123 65
143 64
160 79
118 45
127 41
122 47
110 42
118 60
135 62
129 53
108 39
104 48
134 51
118 47
105 49
121 38
127 44
116 57
144 54
142 56
144 47
179 68
127 48
129 58
134 52
125 44
127 58
108 49
112 50
116 48
122 54
138 69
168 78
169 45
151 47
109 34
118 33
132 46
133 61
104 41
100 41
133 47
126 60
143 55
173 72
120 42
111 37
132 52
116 60
126 53
126 64
131 66
73 45
133 44
132 62
107 43
112 55
111 55
159 56
131 54
125 48
136 39
120 36
147 61
121 53
169 73
141 57
122 40
100 39
161 71
141 60
187 66
135 57
135 50
117 52
196 65
136 54
117 46
118 44
146 70
111 43
117 51
117 69
122 39
114 59
126 59
116 46
123 44
128 55
125 47
118 54
117 62
128 43
180 48
112 70
143 77
108 46
132 54
134 45
159 61
194 90
122 57
132 55
125 59
141 65
60 33
125 53
127 61
136 51
126 48
126 54
99 46
111 47
122 53
133 53
120 49
151 64
129 69
116 57
130 64
134 48
114 48
114 53
118 52
92 42
107 58
114 41
111 42
123 65
97 37
108 40
111 46
108 35
125 71
104 35
114 55
113 54
125 50
126 53
171 62
97 40
134 54
115 50
117 52
134 44
118 59
142 48
122 53
130 47
119 45
139 50
85 32
124 61
129 57
121 60
115 57
110 42
74 37
138 45
128 61
136 59
142 68
130 52
120 34
107 54
104 57
163 81
131 50
112 27
134 49
150 54
121 50
110 45
112 50
115 40
122 51
135 56
138 64
117 34
124 45
116 36
119 44
116 50
117 54
129 53
146 63
79 44
149 61
128 45
147 75
119 49
149 44
134 57
136 53
123 52
117 55
156 83
147 49
120 48
126 48
105 43
138 50
131 37
121 61
133 51
157 62
109 61
116 32
111 51
125 72
167 61
122 32
137 57
115 41
105 45
113 58
124 47
122 56
177 64
125 48
144 71
129 51
129 50
115 48
142 59
100 48
122 50
119 43
148 72
114 60
138 44
130 49
136 49
124 44
144 55
105 52
112 47
147 67
156 65
130 36
139 43
117 40
117 50
149 79
130 68
108 38
164 64
122 44
143 51
132 40
136 46
154 64
194 79
111 51
133 42
65 33
117 43
144 53
130 44
146 53
127 48
122 56
117 46
189 69
40 19
144 54
122 45
121 48
146 64
160 74
156 61
133 54
123 57
155 53
117 50
132 50
137 55
156 84
114 50
182 59
130 67
123 55
120 59
135 58
123 61
129 38
122 72
130 53
110 50
180 81
134 40
123 40
125 51
114 56
113 56
102 58
131 60
111 46
121 61
125 45
127 59
145 53
137 61
99 52
120 54
138 64
85 39
118 60
118 47
176 58
139 61
139 68
123 57
133 47
130 54
129 60
122 44
105 43
132 51
148 55
146 66
119 43
82 34
95 31
126 64
134 59
84 38
146 55
100 52
123 57
119 56
140 54
116 42
106 51
112 48
86 41
130 58
100 37
130 63
119 50
116 50
126 53
129 55
155 74
139 77
104 44
121 56
155 77
135 63
148 68
145 63
126 62
116 56
109 24
114 59
125 47
114 43
119 52
139 54
87 34
161 73
104 44
137 45
123 51
122 62
122 53
140 52
126 34
123 52
111 52
142 56
127 48
132 60
132 64
134 60
122 61
109 51
126 64
132 59
120 63
117 64
116 52
131 70
132 58
106 37
104 59
117 48
149 64
133 57
134 49
139 76
145 48
88 38
153 58
115 47
117 36
113 26
113 33
144 48
133 52
137 50
133 56
117 58
158 46
116 63
140 73
160 42
131 41
129 61
99 40
137 52
143 53
114 38
120 61
119 57
133 56
129 69
106 60
135 70
157 74
156 68
122 42
138 49
142 55
134 55
156 69
144 49
130 47
144 68
121 39
147 61
142 50
118 47
123 53
128 51
143 54
124 49
116 51
160 69
115 47
94 49
159 45
134 56
129 46
146 59
102 52
146 61
110 44
132 47
164 79
119 52
118 45
119 58
121 42
136 54
168 69
117 50
130 52
129 41
114 44
134 57
122 61
138 78
113 54
115 51
120 51
140 59
108 56
126 70
124 49
111 47
152 58
129 56
97 42
125 61
144 77
107 57
141 63
150 71
116 34
108 42
113 48
118 52
122 53
115 51
132 55
121 51
137 64
107 44
125 53
130 48
143 63
101 47
139 66
142 58
114 54
149 59
142 40
137 55
144 77
108 49
128 50
136 67
118 54
119 51
103 46
124 45
104 57
96 50
130 54
144 56
115 39
131 53
125 56
136 69
142 43
137 58
136 58
108 43
146 51
129 54
145 68
131 50
134 77
145 58
118 53
145 59
137 71
162 64
166 54
153 55
146 62
119 66
115 50
96 49
107 44
120 56
133 61
124 59
146 57
130 57
119 49
135 48
117 50
110 42
144 54
113 57
114 42
71 31
127 56
111 52
100 37
160 64
152 70
128 52
98 43
111 55
113 43
132 54
117 55
138 51
101 40
125 64
131 44
127 51
120 44
128 50
116 48
101 41
125 58
136 51
193 86
126 50
122 57
125 50
150 73
137 57
160 63
136 62
131 50
143 52
136 69
129 65
145 80
106 38
129 44
141 50
129 60
108 53
147 74
111 57
122 52
107 50
158 84
105 41
113 48
123 51
135 53
128 51
130 46
117 53
120 57
165 71
119 55
113 47
129 59
128 54
105 52
154 69
126 47
125 57
120 52
159 47
113 47
143 79
137 54
148 55
107 43
114 46
107 45
106 46
146 59
112 64
158 66
135 55
143 62
105 46
118 51
137 65
147 53
127 55
122 56
129 62
112 51
138 57
126 59
117 56
102 57
104 41
122 51
125 47
119 42
143 47
126 61
135 54
119 55
119 56
140 53
130 50
140 63
144 59
112 47
150 58
167 68
135 64
153 66
163 57
124 63
132 68
139 58
94 33
89 35
113 49
123 52
124 53
134 49
126 56
128 49
141 60
123 52
144 51
121 66
121 57
95 44
113 48
116 52
145 58
147 68
122 58
150 69
168 43
163 79
130 65
122 52
119 38
148 69
122 48
124 41
150 73
185 70
113 53
140 84
122 64
183 57
134 51
121 60
154 63
125 56
135 72
142 68
129 59
101 44
178 79
179 64
112 44
