22 1
86 1
132 1
186 1
247 1
257 4
258 1
317 2
390 1
393 1
470 1
524 1
537 1
563 2
578 3
684 2
848 1
854 1
936 1
1019 1
1045 1
1051 1
1231 1
1233 1
1277 1
1319 2
1362 1
1381 1
1447 1
1450 1
1559 2
1662 2
1689 1
1690 1
1705 1
1708 1
1736 1
1744 1
1806 2
1834 1
2038 1
2143 1
2152 1
2173 1
2189 1
2234 2
2273 1
2400 1
2613 8
2649 1
2768 2
2771 2
2830 1
2875 1
2893 1
2968 1
3035 46
3040 1
3064 4
3232 16
3264 2
3437 1
3491 1
3552 1
3553 2
3616 1
3800 1
3835 1
3848 1
3888 3
3945 1
3951 1
3953 1
3972 1
3973 1
