0 0 1
1 0 2
2 0 11 1 13 2 11 6 11 7 9 8 10 12 5 13 6 14 7
3 0 1 5 1
4 0 2
5 0 1 11 3
6 0 2 3 1 11 1 15 1 17 1
7 0 4 9 1 11 1 13 1
8 0 4 5 2 10 1
9 0 3 4 1 12 4 16 9
10 0 1
11 0 1
12 0 1
13 0 1 3 1 9 1 14 1
14 0 1
15 0 1 5 2
16 0 1 1 1 5 4
17 0 1
18 0 1 3 1 16 1
19 0 1
20 0 1 3 1 7 1
21 0 1
22 0 1 8 1
23 0 1 8 1
24 0 1
25 0 1
26 0 1
27 0 1 2 1 6 1 7 1 8 3 11 1
28 0 1
29 0 1
30 0 1 14 1
31 0 8
32 0 1
33 0 1
34 0 1
35 0 1
36 0 1
37 0 1
38 0 2 3 2 4 1 9 1 12 1
39 0 1 3 3 7 2 9 1 16 2 17 2
40 0 2 5 1 12 1
41 0 1
42 0 1 3 1 5 1 9 1
43 0 2 1 1 2 1 3 4 7 3 9 2 10 1 11 1 14 1 15 1 16 2
44 0 1 4 1 6 2 7 1 8 1 16 2
45 0 1
46 0 1
47 0 1
48 0 1 11 1 12 1
49 0 1
50 0 2 2 1 3 1 8 1 16 1
51 0 1
52 0 1
53 0 1 1 5 2 4 3 8 4 1 5 1 6 3 7 8 8 3 12 2 13 2 14 1 15 1 16 1
54 0 1 1 1 2 1 3 1 4 1 6 2
55 0 1
56 0 1 5 2
57 0 1
58 0 2
59 0 1
60 0 1 12 1
61 0 1
62 0 2 1 3 2 1 3 13 4 11 5 5 7 5 8 3 9 6 10 1 11 5 12 1 13 2 14 3 15 3 16 3 17 5
63 0 1 10 1 17 1
64 0 1
65 0 1
66 0 1
67 0 1
68 0 1
69 0 1 3 1 13 1
70 0 1
71 0 1 5 1
72 0 1
73 0 1 7 2 11 2 17 1
74 0 1
75 0 1
76 0 1
77 0 1
78 0 1
79 0 1 3 1 5 1
80 0 1
81 0 1
82 0 1
83 0 1
84 0 1
85 0 1
86 0 1 1 1 2 1 6 2 11 3 14 2 16 1 17 1
87 0 1 8 1
88 0 1
89 0 1 1 1 4 2 7 1 8 1 13 1 17 1
90 0 1
91 0 1
92 0 1 11 1
93 0 1 2 1
94 0 2 2 1
95 0 1
96 0 1
97 0 1
98 0 1
99 0 1 9 1
100 0 1 3 2 7 1 9 1 11 2 15 1
101 0 1
102 0 1
103 0 1
104 0 2 13 1
105 0 1
106 0 1 2 1 3 1 5 1 9 1 14 1 16 1
107 0 1
108 0 1 5 1 7 1 8 5 10 1 12 1 13 2 16 2
109 0 2
110 0 2 1 1 2 1 3 1 7 1 8 1
111 0 1
112 0 1
113 0 1
114 0 1 2 1 8 1
115 0 2
116 0 2 2 2 3 1 5 2 8 4 9 1 10 2 12 1 14 2 15 3 17 3
117 0 1
118 0 1 3 1 5 2 6 1
119 0 1 2 1 4 1 7 1 9 2 12 1
120 0 1 1 1 5 2 7 2 8 1
121 0 1 6 2
122 0 1
123 0 1 1 1 5 1 8 2 12 1 15 2 17 2
124 0 1 7 1 14 1
125 0 1
126 0 2 7 1 10 1
127 0 1 6 1
128 0 1 1 1 8 1 9 2 12 1
129 0 1 3 1 14 1
130 0 1
131 0 1 1 1 9 2
132 0 1
133 0 1 3 1
134 0 1
135 0 1 10 1 17 1
136 0 1 4 2
137 0 1
138 0 1
139 0 1
140 0 1 2 3 12 1 17 1
141 0 1 6 1 14 1
142 0 1
143 0 1 13 1
144 0 1 2 1 5 1 11 1
145 0 1
146 0 2 1 1 3 2 4 2 5 2 6 1 7 1 8 1 11 6 12 1 13 1 16 2
147 0 1 4 1
148 0 2 3 1
149 0 1
150 0 1
151 0 1 2 1
152 0 1 16 1
153 0 1 3 1 6 1
154 0 1
155 0 1
156 0 1 13 1
157 0 1
158 0 1
159 0 1 1 1
160 0 1 14 1 15 1
161 0 2 3 1
162 0 4
163 0 1
164 0 1
165 0 1
166 0 1
167 0 1 1 1 5 1 7 1 15 1 16 1
168 0 1 14 1
169 0 1 2 1 5 1
170 0 1 1 1 3 2 6 2 9 1 11 2 14 1 15 1 16 1
171 0 1 1 1 3 1 5 1 8 2 11 1 17 2
172 0 1 5 3 11 1 13 2
173 0 1 3 1 13 2
174 0 1 9 2
175 0 1 7 1
176 0 1
177 0 1 1 2 5 1 7 5 8 1 10 1 11 1 12 1 13 2 17 1
178 0 1 5 4 8 2 11 1
179 0 1
180 0 2 9 1
181 0 1 9 1
182 0 1 16 1
183 0 1 5 3 8 1
184 0 1 3 1 5 1 7 1 8 1
185 0 1
186 0 3
187 0 1 4 1
188 0 1
189 0 1
190 0 1 8 2 10 1
191 0 1 4 2
192 0 1 8 1
193 0 1 9 1 13 1 15 1 16 1 17 1
194 0 1 5 1
195 0 1 4 1 10 1
196 0 1
197 0 1
198 0 1 1 2 2 1 3 10 5 1 10 1 11 3 15 2 17 1
199 0 2 1 1 3 1 4 1 5 3 6 3 7 3 8 2 11 1 13 2 14 2 16 2
200 0 1
201 0 2 1 3 2 2 3 5 7 3 8 1 9 1 13 2 14 2 15 1 17 1
202 0 1 6 1 9 1
203 0 1
204 0 1
205 0 1 12 2 14 1
206 0 1
207 0 1 2 1 10 2 14 2
208 0 1 1 1 3 1 17 4
209 0 1 1 1 3 1 5 1 17 2
210 0 1
211 0 1
212 0 1 7 1 16 1
213 0 1 13 1
214 0 1 9 1
215 0 1 1 1
216 0 1
217 0 1
218 0 1 12 1 13 2 16 1
219 0 1
220 0 1
221 0 1
222 0 1
223 0 1
224 0 1
225 0 1 1 1 3 1 4 1 6 1 8 1 9 1 16 1
226 0 1
227 0 1
228 0 1
229 0 1 13 1 14 1
230 0 1 1 1 5 1 8 1 10 3 11 1
231 0 1 3 1 4 2 5 2 6 3 8 3 10 2 11 1 13 3 15 1 16 2
232 0 1
233 0 1
234 0 1 1 2 3 1 4 1 10 1 14 1 15 1 16 3
235 0 1 16 1
236 0 1
237 0 1 12 1
238 0 1 12 4
239 0 1
240 0 1
241 0 1
242 0 1
243 0 1 11 1
244 0 1 1 1 3 1 4 1 7 1 17 1
245 0 1
246 0 1 1 1 3 2 4 1 5 1 7 1 9 1 11 2 16 1
247 0 1 10 1
248 0 1
249 0 2 1 1 4 1 5 1 9 1 10 1 11 1
250 0 1 3 1 6 1 8 1 14 1 17 1
251 0 1 9 2 10 1 11 2 13 1 16 2 17 1
252 0 1 4 3 5 1 6 1 7 1 8 1 9 1 12 1
253 0 1 7 2
254 0 1
255 1 8 13 1
256 1 2 9 1
257 1 1 2 1
258 1 1 6 1
259 1 1 4 2 6 1 11 1 14 1
260 1 1
261 1 1 11 1 14 1
262 1 1 3 2 7 1 15 1
263 1 1
264 1 1
265 1 1
266 1 1
267 1 1
268 1 1 3 1 9 1
269 1 1
270 1 1
271 1 1
272 1 1 2 1 5 1
273 1 1 6 1
274 1 1
275 1 1
276 1 1
277 1 1 7 1 11 4
278 1 1 11 1
279 1 1
280 1 1 9 1
281 1 1 5 2
282 1 1
283 1 1 2 1 3 2 10 1 15 1 16 1
284 1 3 4 1 6 2 8 1 15 1
285 1 2
286 1 5
287 1 1 2 1 5 1 9 1 11 2 13 1 15 1 17 1
288 1 1
289 1 4 9 5 10 1 16 1
290 1 1
291 1 1
292 1 1 6 2 8 1 16 1
293 1 1 11 2
294 1 1 13 1
295 1 1
296 1 1
297 1 2 5 1 6 1 7 1 16 1
298 1 1 14 1 16 2
299 1 2 2 1 3 1
300 1 1
301 1 1 2 1 4 2
302 1 1
303 1 1
304 1 1
305 1 1
306 1 1
307 1 1
308 1 1 3 1 6 1
309 1 1
310 1 1 3 1 7 1
311 1 1 3 2 7 1
312 1 1
313 1 1 10 1 16 1
314 1 1
315 1 1
316 1 1
317 1 1 2 1 5 1
318 1 1 3 1
319 1 2 9 1 16 1
320 1 2 3 1 6 1
321 1 1 2 1 7 1 9 1 11 1 15 1
322 1 1 10 1
323 1 1
324 1 1 3 2 6 1
325 1 1
326 1 1
327 1 1 7 1 13 1
328 1 1 13 1
329 1 2 7 1
330 1 1 3 1
331 1 1
332 1 1
333 1 1 4 1
334 1 2 2 1 3 3 4 1 5 1 7 1 9 1 10 1
335 1 1 2 2 4 1 14 1 16 1 17 1
336 1 1
337 1 1 15 2
338 1 2
339 1 1
340 1 1 15 1
341 1 1 8 1
342 1 1
343 1 1
344 1 1
345 1 2
346 1 1 6 1 16 1
347 1 1
348 1 1 5 1
349 1 1
350 1 1 6 1 10 1 13 1
351 1 1
352 1 1
353 1 2 3 2 7 1 8 1 12 1 17 1
354 1 1 5 1 13 1 14 1
355 1 3 9 1
356 1 1 7 1
357 1 1 2 1
358 1 1 3 1 6 1 7 1 9 1 11 2 14 1 15 1 16 1
359 1 1 16 2
360 1 1
361 1 1
362 1 1
363 1 1
364 1 1
365 1 1
366 1 1
367 1 1
368 1 1
369 1 1
370 1 5
371 1 1
372 1 1
373 1 1 7 1 12 1
374 1 1
375 1 1
376 1 1
377 1 1
378 1 1 3 2 9 1 17 2
379 1 3
380 1 1
381 1 2 3 4 4 1 7 1 10 1 11 1 13 2 15 1 16 1
382 1 2 3 2 7 1 8 1 10 1 11 1 13 1 15 1 16 2 17 1
383 1 1 9 1 15 1
384 1 1 3 1 6 1 11 1 12 2 14 2
385 1 1 3 1 5 1 10 1 15 1
386 1 1 11 1 15 1
387 1 1
388 1 1 16 1
389 1 1
390 1 1 3 1 16 6
391 1 1 2 2 6 1 7 1 9 1 11 1
392 1 2 11 5
393 1 1
394 1 1
395 1 1
396 1 1 5 1
397 1 1
398 1 3 3 2 13 1 14 1
399 1 1
400 1 1 4 1
401 1 1 9 1 11 1
402 1 1
403 1 1 16 1
404 1 1
405 1 1 2 1 7 1 11 1
406 1 1
407 1 1 4 2 9 1 11 1
408 1 1 3 1 6 1
409 1 2 3 1 6 1
410 1 1 14 1
411 1 1
412 1 1 3 2 10 1
413 1 1
414 1 1
415 1 1 12 1 15 1
416 1 1 10 1
417 1 1 3 15 9 4
418 1 2
419 1 1
420 1 1
421 1 1 5 3
422 1 1
423 1 1 5 1
424 1 1 5 1
425 1 1
426 1 1
427 1 1
428 1 1
429 1 1
430 1 1
431 1 1
432 1 1
433 1 1
434 1 1 8 1
435 1 1
436 1 1
437 1 1 2 1 9 1 15 1 16 1 17 1
438 1 1
439 1 1
440 1 1
441 1 1 7 2
442 1 2 5 2 16 1
443 1 1
444 1 1
445 1 1
446 1 1
447 1 1
448 1 1
449 1 1
450 1 1 7 1 8 1 9 1 11 2 14 2
451 1 1
452 1 2 2 2 7 1 12 2
453 1 1 3 2
454 1 1
455 1 1
456 1 1 11 1 13 1
457 1 3 6 2
458 1 1
459 1 1
460 1 1
461 1 2 8 1 14 1 16 1
462 1 1 9 4 15 1 17 1
463 1 1
464 1 1
465 1 1
466 1 1 10 1 15 1
467 1 1 2 1 4 1 6 1 15 1 17 1
468 1 1
469 1 1 17 2
470 1 1
471 1 2 2 11 8 1 9 2
472 1 1
473 1 1
474 1 2
475 1 1
476 1 1
477 1 1
478 1 1 3 2 5 1 15 1 17 3
479 1 2 9 1
480 1 1 7 4 12 1 13 1 16 1
481 1 1 3 3 4 1 5 1 7 1 8 1 9 2 12 2 13 1 15 2 16 1 17 1
482 1 1 10 1 17 1
483 1 1
484 1 1
485 1 1
486 1 1
487 1 2 9 1 16 1 17 1
488 1 1
489 1 1
490 1 1 3 1
491 1 2 2 1 3 1 4 1 5 4 11 4 14 2 15 1 16 1 17 1
492 1 1
493 1 1
494 1 1 2 1
495 1 1
496 1 1
497 1 1
498 1 1
499 1 1
500 1 1
501 1 1 6 1 10 1 11 1
502 1 1
503 1 1
504 1 1
505 1 1
506 1 1
507 1 2
508 1 1
509 1 1
510 1 1
511 1 1 14 1
512 1 1 16 1
513 1 1
514 1 1
515 1 1 12 1
516 1 1 2 1 9 1
517 1 1
518 1 1
519 1 1
520 1 1 16 1
521 1 1
522 1 1
523 1 1 7 1 13 1 16 1
524 1 1 3 5 5 1 6 2 9 1
525 1 1
526 1 1
527 1 1
528 1 1
529 1 1 4 1 13 1
530 1 1 6 1 13 1
531 1 1
532 1 1 2 4 4 2 8 2 9 1 13 1
533 1 1
534 1 1
535 1 1
536 1 1
537 1 1
538 1 1
539 1 1
540 1 1 2 1 6 1 13 1 15 2
541 1 1
542 1 1 2 1
543 1 1
544 1 1 3 4 4 2 6 1 8 2 9 1 10 1 11 1 15 1
545 1 1 5 2 7 1 11 1 12 1 15 1
546 1 1
547 1 1
548 1 1 3 1 13 1
549 1 1
550 1 1
551 1 1
552 2 1
553 2 1
554 2 1 4 2 6 1 10 1
555 2 1
556 2 1
557 2 1 3 2 4 1 5 1 6 2 7 4 8 3 9 2 12 1 13 3 14 1 15 2 16 3 17 2
558 2 5 3 1 4 7 6 1 7 1 12 1 14 1
559 2 3 4 1 7 1 9 1 15 2
560 2 1
561 2 1 15 1
562 2 1 9 1 15 1
563 2 1
564 2 1
565 2 1 15 1
566 2 1
567 2 9
568 2 1
569 2 1
570 2 2
571 2 1
572 2 1
573 2 1
574 2 1 5 1
575 2 1
576 2 1 3 1 16 1
577 2 6
578 2 1
579 2 1
580 2 1 8 1
581 2 1
582 2 1 15 2
583 2 1 9 2 16 1 17 1
584 2 1 9 1
585 2 1 6 1
586 2 1 10 1
587 2 1
588 2 1
589 2 1
590 2 1
591 2 1 16 2
592 2 1 3 1 13 2
593 2 1
594 2 1 15 1
595 2 1
596 2 1 6 1 13 1
597 2 1 4 1 5 1 12 1 13 1
598 2 1
599 2 1
600 2 1
601 2 1
602 2 1 15 1
603 2 1
604 2 1
605 2 2 3 1 6 1 13 1 16 1
606 2 1 8 1 13 11
607 2 1
608 2 1
609 2 1
610 2 1 7 1
611 2 2 8 1 10 1 11 1
612 2 1
613 2 1
614 2 2
615 2 1
616 2 1 4 1 12 1
617 2 2
618 2 1
619 2 1
620 2 1
621 2 1 8 1
622 2 1 5 1 15 1 16 1
623 2 1
624 2 1 3 1 5 1
625 2 1 9 1 16 1
626 2 1
627 2 1 3 2 4 1 7 2 9 1 10 2 11 2 15 1 16 3 17 1
628 2 1
629 2 1
630 2 1
631 2 1
632 2 1 6 1 17 1
633 2 1 13 1
634 2 1
635 2 1 5 1 7 1 9 1 13 1
636 2 1 3 1 4 1 6 1 7 1 8 1 9 2 11 1 12 2 15 1 17 1
637 2 2 3 1 10 1 14 1
638 2 1
639 2 1
640 2 1 3 3 5 1 9 1 10 1 11 1 14 1
641 2 1 6 2
642 2 1
643 2 1
644 2 1
645 2 1
646 2 2
647 2 1
648 2 1 3 1
649 2 1 3 14
650 2 1 12 1
651 2 1
652 2 1
653 2 1 5 1 13 1
654 2 2 3 2 6 1 9 2 13 1 15 1
655 2 1 3 1 16 1
656 2 1 5 2 7 1 15 6
657 2 2 14 2
658 2 1
659 2 1 3 1 12 1 14 2 17 1
660 2 1 7 5 10 1 15 1
661 2 1 3 1 4 1
662 2 2 3 2 4 1 8 1 10 2 13 1 16 1
663 2 1 3 1
664 2 1 13 1
665 2 1
666 2 1 8 1
667 2 1
668 2 1 7 2
669 2 1
670 2 1 4 2
671 2 1
672 2 1
673 2 1 3 2 5 1 13 1
674 2 1 3 2 9 1
675 2 1
676 2 1 16 1
677 2 1
678 2 1
679 2 3
680 2 1
681 2 1
682 2 1
683 2 1 4 1 6 1
684 2 5 9 4 15 1
685 2 2
686 2 2
687 2 1
688 2 1 7 1 12 1 15 1
689 2 1
690 2 1
691 2 1
692 2 1 5 1
693 2 1 3 1 7 3
694 2 1
695 2 1
696 2 1
697 2 1 3 1
698 2 1 6 1
699 2 1 7 1 11 1 12 1 17 1
700 2 1
701 2 1 12 1
702 2 1
703 2 1
704 2 1
705 2 1
706 2 1
707 2 1
708 2 1
709 2 1 17 1
710 2 1 3 1
711 2 1 8 1
712 2 1 3 1 6 1 11 1 15 4
713 2 1 5 1 6 1 17 1
714 2 2 8 1
715 2 1
716 2 1
717 2 1
718 2 1
719 2 1 4 3 15 1 17 1
720 2 1
721 2 1 3 1 10 1 15 2
722 2 1
723 2 1
724 2 1 10 1
725 2 1 3 3 10 1 16 1
726 2 3 3 1 15 1 16 1 17 2
727 2 1
728 2 1
729 2 1
730 2 1 13 1
731 2 1
732 2 1
733 2 1 3 2 6 1
734 2 1 5 1 17 1
735 2 1
736 2 1
737 2 1
738 2 1
739 2 1
740 2 1 11 1
741 2 1
742 2 1
743 2 1
744 2 1
745 2 1 4 1 8 2
746 2 1
747 2 1
748 2 1 4 1 17 1
749 2 1
750 2 1 12 1
751 2 1
752 2 1
753 2 1
754 2 1
755 2 1 4 1 12 1 15 1
756 2 1
757 2 1
758 2 1
759 2 1
760 2 1
761 2 1
762 2 1
763 2 1 17 1
764 2 1
765 2 1
766 2 1
767 2 1
768 2 1
769 2 1 9 1 16 1
770 2 1
771 2 1 5 1 13 1 14 1 17 1
772 2 1 9 1
773 2 1 3 1 5 1 7 1 8 1 9 2 11 1 12 1 14 1 16 1 17 2
774 2 1
775 2 1 6 1
776 2 1 11 1
777 2 1 13 1
778 2 1
779 2 1 3 1 4 1 13 2
780 2 1 15 1
781 2 1
782 2 1
783 2 1
784 2 1
785 2 1
786 2 1 14 1 15 1 16 4
787 2 1
788 2 1 7 1
789 2 1 12 1
790 2 1
791 2 1 5 1 9 1 10 1 16 1
792 2 1 3 1 4 1 9 1 12 1 16 1
793 2 1 6 1
794 2 1
795 2 1
796 2 1
797 2 1 3 1 6 1 10 4 15 4 17 1
798 2 1 16 1
799 2 1
800 2 1
801 3 12
802 3 1 5 1 17 1
803 3 1 4 1 7 1
804 3 1 13 1
805 3 1 8 1
806 3 1
807 3 1
808 3 1
809 3 3 17 1
810 3 3 7 1 14 1 16 1
811 3 4 4 1 5 2 6 1 7 1 11 1 14 1 17 2
812 3 1
813 3 1 15 1
814 3 1
815 3 4 7 1 9 4 10 2 11 2 14 3
816 3 1
817 3 1 5 2 13 1
818 3 1
819 3 1
820 3 1
821 3 1
822 3 4 17 5
823 3 1
824 3 1
825 3 1 9 3
826 3 1 6 1 11 1 13 1 14 1
827 3 13
828 3 3
829 3 1
830 3 3
831 3 2
832 3 8
833 3 2
834 3 2 11 1 13 1
835 3 1
836 3 2
837 3 3 4 2 8 1 17 1
838 3 3 4 1 6 1 7 2 8 1 9 1 10 1 14 1
839 3 1
840 3 1 11 1
841 3 1
842 3 1 9 1 10 1
843 3 1
844 3 1
845 3 2 8 2
846 3 2 6 1 8 1
847 3 1
848 3 1
849 3 1
850 3 1 5 1 7 1 12 1
851 3 1
852 3 1 4 1 5 1 7 2 10 1 16 2 17 1
853 3 1 5 1 8 1 12 1 13 1
854 3 2 7 2 8 1 16 1 17 1
855 3 1 5 1
856 3 1
857 3 1
858 3 1
859 3 1
860 3 1
861 3 1
862 3 1
863 3 1 9 1 13 1
864 3 1
865 3 2 5 1 8 1 10 1 12 1 16 1 17 1
866 3 1 5 1
867 3 1
868 3 2
869 3 1 5 2 6 1 7 1
870 3 1 11 1 12 1
871 3 1 17 1
872 3 1
873 3 5 5 1 7 2 8 1
874 3 1 13 1 14 2 16 1
875 3 1 16 1
876 3 1
877 3 2 7 1 15 1
878 3 1 8 1 11 1 12 1 16 1
879 3 1 17 1
880 3 1 4 1 5 1 8 1
881 3 1
882 3 1 9 2 10 1 11 3 15 1 16 1
883 3 2 7 2 17 1
884 3 1 4 1
885 3 1 7 3 14 2 17 1
886 3 1 7 1 9 2 12 1 16 1
887 3 1
888 3 1
889 3 1
890 3 1
891 3 1
892 3 1 6 1 17 2
893 3 1 8 1
894 3 1 13 1
895 3 1
896 3 1 9 1 17 1
897 3 1
898 3 1
899 3 1
900 3 1 11 2
901 3 1
902 3 4 4 1 5 2 6 1 7 2 11 1 12 1 14 1
903 3 1
904 3 1
905 3 1
906 3 1
907 3 1 5 1
908 3 1
909 3 14
910 3 2
911 3 1
912 3 1
913 3 2
914 3 1
915 3 3
916 3 8 8 1
917 3 2 11 1
918 3 1
919 3 1 7 1
920 3 1
921 3 1
922 3 1
923 3 11
924 3 1 16 1
925 3 1
926 3 1
927 3 1 6 1
928 3 1
929 3 1
930 3 1 8 1 9 1
931 3 1 4 2 9 1 13 1
932 3 1 12 1
933 3 1 7 2
934 3 1 4 1 12 1
935 3 1 7 2 9 2 11 1 12 1
936 3 1
937 3 2 5 2 6 1 7 1 8 1 9 1 10 1 11 1 12 1 15 1 16 2
938 3 1 5 1 7 8 12 2
939 3 2 5 3
940 3 1 10 1 16 1
941 3 1 5 1
942 3 2 8 1
943 3 1 10 1 15 1
944 3 1 6 1 14 1 16 2
945 3 1 9 1 10 1 17 1
946 3 1
947 3 2 7 2 8 1 11 1 12 1
948 3 2 15 1
949 3 1
950 3 1
951 3 4 5 1 7 1 11 2 17 1
952 3 2 4 1 17 2
953 3 2 9 2 12 1 13 1 16 1
954 3 1
955 3 1
956 3 1
957 3 1
958 3 1 17 1
959 3 2
960 3 2
961 3 1 5 4 17 2
962 3 1
963 3 1 4 1 15 1
964 3 1
965 3 1 12 2
966 3 1 6 1 9 1 16 1
967 3 1 7 1 9 1 10 2 15 1
968 3 1
969 3 1
970 3 2
971 3 1
972 3 2
973 3 1
974 3 1
975 3 2 16 1
976 3 1 10 1
977 3 1 14 1
978 3 2 5 1 12 1
979 3 1 11 1
980 3 2 4 1 5 1 9 1 16 1 17 1
981 3 3
982 3 1
983 3 1 12 1
984 3 1
985 3 1
986 3 1 7 1 16 1
987 3 1
988 3 1
989 3 1
990 3 1
991 3 1 11 2 12 1 17 2
992 3 2
993 3 1 9 2 11 1 14 1
994 3 1 4 1 8 2
995 3 1
996 3 1
997 3 1
998 3 1
999 3 2
1000 3 1 5 4 7 1 14 1
1001 3 1 6 5
1002 3 1
1003 3 1
1004 3 1 15 1 17 1
1005 3 1 7 1
1006 3 1 4 1 9 1
1007 3 1 13 1 15 1
1008 3 1
1009 3 1
1010 3 1 11 1 16 1
1011 3 1 11 3 13 1
1012 3 1 8 1 9 1 11 1 13 1 14 1 15 1
1013 3 1
1014 3 1
1015 3 1
1016 3 1
1017 3 1 17 1
1018 3 1
1019 3 1 7 1 10 1
1020 3 1
1021 3 1 10 1 12 1 17 3
1022 3 1
1023 3 1 12 1 13 1
1024 3 1 4 1 10 1 15 1
1025 3 1
1026 3 1
1027 3 1 5 2 11 2 12 1 13 3
1028 3 1 6 1 7 1
1029 3 1
1030 3 5 13 2
1031 3 1
1032 3 1
1033 3 1 14 1
1034 3 1 17 1
1035 3 1 9 1
1036 3 1
1037 3 1 6 1 10 1
1038 3 1 8 1
1039 3 3
1040 3 2 5 1 11 1
1041 3 1
1042 3 1
1043 3 1 11 1
1044 3 1
1045 3 1
1046 3 1
1047 3 1
1048 3 1
1049 3 1 7 1 9 1 11 1 13 1
1050 3 1
1051 3 1
1052 3 1
1053 3 1
1054 3 1 14 1
1055 3 1 5 2 6 1 8 1 9 1 10 1 12 1 17 1
1056 3 1
1057 3 1
1058 3 1 13 1
1059 3 3 5 2 6 4 7 2 8 2 9 1 10 1 11 7 14 1 15 1 16 3 17 3
1060 3 1
1061 3 1 8 1
1062 3 1
1063 3 1
1064 3 1 11 1
1065 3 1
1066 3 1
1067 3 1
1068 3 1 11 1
1069 3 1
1070 3 1
1071 3 1 13 1
1072 3 1 6 1
1073 3 1
1074 3 1
1075 3 1
1076 3 1 8 1
1077 3 1 4 1 5 1 7 1 8 1 11 1
1078 3 2
1079 3 1 11 1
1080 3 1
1081 3 2
1082 3 1
1083 3 1
1084 3 1
1085 3 4
1086 3 1
1087 3 1
1088 3 1
1089 3 1
1090 3 1 6 1
1091 3 1
1092 3 1
1093 3 1 8 1
1094 3 1
1095 3 3 17 1
1096 3 3
1097 3 1 16 1
1098 3 2 10 1
1099 3 1
1100 3 1
1101 3 1 5 2 8 3 10 1 13 1 16 1
1102 3 1
1103 3 1 9 3 10 1
1104 3 1 4 2 9 2 12 1 15 1 16 1
1105 3 1 8 1 9 3 10 3 11 1 13 2 14 2
1106 3 1 13 1
1107 3 1
1108 3 1
1109 3 1
1110 3 1
1111 3 1
1112 3 1 7 2 9 1
1113 3 1
1114 3 1 7 1 12 1
1115 3 1
1116 3 1
1117 3 1 4 1 6 1 13 1
1118 3 1 14 1 16 1
1119 3 1 11 1 12 1 14 1 17 1
1120 3 1 6 1 11 4 13 1
1121 3 1
1122 3 2 11 1
1123 3 1 11 1
1124 3 1
1125 3 1 14 1
1126 3 1 4 1 5 2
1127 3 2 4 1 6 1 8 2 11 2 12 1 15 2 16 3
1128 3 1
1129 3 1
1130 3 1 8 1
1131 3 1
1132 3 1
1133 3 1
1134 3 1 6 1 13 2 17 1
1135 3 1
1136 3 1 4 1 7 1 8 1
1137 3 1 10 1 16 1
1138 3 1
1139 3 1 8 1 13 1
1140 3 1
1141 3 1 7 10 13 2
1142 3 1
1143 3 1 6 2
1144 3 1 7 1
1145 3 1
1146 3 1
1147 3 1 9 1 16 1 17 1
1148 3 1
1149 3 1
1150 3 1 6 1 12 2 13 1 16 1
1151 3 1
1152 3 2
1153 3 2
1154 3 2
1155 3 2
1156 3 1 17 1
1157 3 1
1158 3 1 8 1 9 2 11 2 17 4
1159 3 1
1160 3 1
1161 3 1
1162 3 1
1163 3 1 6 1 7 1 10 1
1164 3 1
1165 3 1 10 1
1166 3 1 8 1 9 1
1167 3 1 12 2 15 1
1168 3 1 5 1 7 4 9 1 14 1 17 1
1169 3 1 5 1 6 1
1170 3 1 9 1 15 1
1171 3 1
1172 3 1 5 1
1173 3 1 17 1
1174 3 1
1175 4 1
1176 4 5
1177 4 2
1178 4 1 13 1
1179 4 1
1180 4 1
1181 4 1
1182 4 1 12 1
1183 4 1
1184 4 1
1185 4 1
1186 4 1
1187 4 1
1188 4 1 7 1 16 1
1189 4 1 10 1 17 1
1190 4 1
1191 4 1
1192 4 1 17 1
1193 4 4
1194 4 4 13 1
1195 4 1 5 2 8 1 11 4 16 1
1196 4 1 7 1 16 1 17 1
1197 4 1
1198 4 1 17 2
1199 4 1
1200 4 1
1201 4 1
1202 4 1 13 1
1203 4 1
1204 4 2 6 1 9 1 11 2 16 2
1205 4 1
1206 4 1 5 1 6 1 7 1 13 1
1207 4 1
1208 4 2
1209 4 2 9 1 11 1 14 1
1210 4 1
1211 4 1 14 1
1212 4 2
1213 4 1
1214 4 1
1215 4 1 6 1 10 1 16 1
1216 4 1 11 1
1217 4 1 8 1 14 1 15 1
1218 4 1
1219 4 1
1220 4 1 16 1
1221 4 11
1222 4 2
1223 4 1
1224 4 1
1225 4 1
1226 4 1
1227 4 7
1228 4 1
1229 4 1
1230 4 1
1231 4 2 13 1 15 2
1232 4 1 5 1 9 1 11 1 14 1
1233 4 1
1234 4 1 9 1 12 1
1235 4 1 5 1 11 2 12 1 14 1 15 1 17 1
1236 4 1
1237 4 1
1238 4 1 8 5
1239 4 3
1240 4 4
1241 4 1 15 1 16 1
1242 4 1
1243 4 1 10 1
1244 4 1
1245 4 1
1246 4 1 10 1
1247 4 1
1248 4 1
1249 4 1
1250 4 1
1251 4 1
1252 4 1
1253 4 1
1254 4 1 5 1 9 1 14 1
1255 4 1 5 1
1256 4 1 7 1 8 1 9 1 16 3
1257 4 1 16 1
1258 4 1
1259 4 2 9 1
1260 4 1 15 1
1261 4 1 10 1 15 1 16 6
1262 4 1
1263 4 1
1264 4 1 12 1
1265 4 1 11 1
1266 4 1 5 1 7 1 8 1 13 1 17 2
1267 4 1
1268 4 1
1269 4 1 12 1 14 1
1270 4 1
1271 4 1
1272 4 1 7 1
1273 4 1
1274 4 1
1275 4 1
1276 4 1
1277 4 1
1278 4 1
1279 4 1 9 1
1280 4 1
1281 4 1
1282 4 2 7 1 16 1
1283 4 1
1284 4 1 11 1 17 1
1285 4 1 7 1
1286 4 1 9 1
1287 4 1
1288 4 2
1289 4 1 10 1 16 1
1290 4 1
1291 4 1 6 1 8 1 10 1
1292 4 1
1293 4 1 9 1
1294 4 1
1295 4 1
1296 4 1 5 1 8 1
1297 4 1
1298 4 1
1299 4 1 7 1
1300 4 1 7 2
1301 4 1
1302 4 2
1303 4 1
1304 4 1 5 1 15 1
1305 4 1
1306 4 1
1307 4 1
1308 4 1
1309 4 1
1310 4 1
1311 4 1
1312 4 1
1313 4 1
1314 4 1
1315 4 1
1316 4 1 11 1
1317 4 1 16 1
1318 4 1
1319 4 1 8 1
1320 4 1
1321 4 1 17 1
1322 4 1
1323 4 1
1324 4 1
1325 4 1 10 1 11 1 13 1 14 1 15 2 17 1
1326 4 1 11 1 16 3
1327 4 1
1328 4 1
1329 4 1
1330 4 1
1331 4 1
1332 4 1 8 1 9 2 16 1
1333 4 1 9 2
1334 4 1 9 1 14 1 16 1
1335 4 1
1336 4 1 17 1
1337 4 1
1338 4 1 8 1
1339 4 1 6 1 7 1 11 1
1340 4 1
1341 5 1
1342 5 1 15 1
1343 5 6
1344 5 1 9 1 10 1 11 1 16 1
1345 5 1 7 1 11 2
1346 5 11
1347 5 1
1348 5 15
1349 5 1
1350 5 1
1351 5 1
1352 5 1
1353 5 1
1354 5 1
1355 5 5
1356 5 1 14 1
1357 5 1
1358 5 1
1359 5 1
1360 5 1
1361 5 3 12 1 15 1
1362 5 2
1363 5 2
1364 5 1
1365 5 1
1366 5 1 6 1 7 1 9 1 12 1 14 1 16 2 17 2
1367 5 1
1368 5 1
1369 5 4 6 1 10 1 13 1
1370 5 1 13 1
1371 5 1
1372 5 1
1373 5 1 15 1 17 1
1374 5 1 8 1
1375 5 1
1376 5 1
1377 5 1
1378 5 2
1379 5 4
1380 5 1 12 1 13 2 15 1
1381 5 1
1382 5 1 17 1
1383 5 2
1384 5 2
1385 5 1
1386 5 1
1387 5 1
1388 5 1
1389 5 1 13 1
1390 5 1
1391 5 1
1392 5 1 11 2 12 1
1393 5 1
1394 5 1 11 1
1395 5 1
1396 5 1
1397 5 1
1398 5 1 7 1
1399 5 1
1400 5 1
1401 5 2 14 1
1402 5 1
1403 5 1
1404 5 3 8 1 9 1 10 1 15 1
1405 5 1 6 1
1406 5 1
1407 5 4
1408 5 1
1409 5 1
1410 5 1
1411 5 2
1412 5 2
1413 5 1 6 1
1414 5 2 10 1
1415 5 1 8 1
1416 5 1
1417 5 1 11 2
1418 5 1
1419 5 1
1420 5 1 13 1
1421 5 1 12 1
1422 5 1
1423 5 1
1424 5 1 9 5 15 1
1425 5 1 9 1
1426 5 1
1427 5 1 8 1 13 1 15 1 17 1
1428 5 1 7 1 13 1
1429 5 2
1430 5 1
1431 5 1
1432 5 1 12 1
1433 5 1
1434 5 1
1435 5 1 10 2 17 1
1436 5 1 8 1 11 1
1437 5 1 7 1
1438 5 1
1439 5 1 11 1
1440 5 1 11 1
1441 5 1 7 1 8 2
1442 5 1
1443 5 1 8 1 14 1
1444 5 2
1445 5 1
1446 5 2
1447 5 1
1448 5 1
1449 5 1
1450 5 1
1451 5 1
1452 5 1
1453 5 1 8 1
1454 5 1 9 1
1455 5 1
1456 5 1 11 1
1457 5 1
1458 5 1 6 1 11 2 12 1 16 2
1459 5 1
1460 5 2 7 1 8 2
1461 5 1
1462 5 1
1463 5 1 10 1 13 1
1464 5 1
1465 5 1
1466 5 1 14 1
1467 5 1
1468 5 1 13 1
1469 5 2
1470 5 1
1471 5 1
1472 5 1 6 1 13 1
1473 5 1
1474 5 1
1475 5 1 9 1 14 1 16 1
1476 5 1 8 1
1477 5 1 11 1
1478 5 1 17 1
1479 5 1 8 1 17 1
1480 5 1 10 1
1481 5 1
1482 5 1
1483 5 1 14 1
1484 5 1
1485 5 1 6 1 14 2 16 1
1486 5 2 13 1
1487 5 1
1488 5 1 7 1 8 1
1489 5 1 6 1 7 1 8 1
1490 5 1
1491 6 1
1492 6 5
1493 6 1
1494 6 1
1495 6 1
1496 6 1
1497 6 1 9 3 10 6 11 2 13 1 15 4 16 4 17 1
1498 6 1
1499 6 1
1500 6 1
1501 6 1 16 1
1502 6 1
1503 6 1
1504 6 1
1505 6 1 7 1
1506 6 1 15 1
1507 6 1 11 1 14 1 16 2
1508 6 1
1509 6 1 16 1
1510 6 1
1511 6 1
1512 6 1
1513 6 1 10 1 11 1 15 2
1514 6 1
1515 6 2 15 1
1516 6 1 7 1 16 1
1517 6 1
1518 6 1
1519 6 1 13 1
1520 6 1 13 1 16 1
1521 6 1
1522 6 5
1523 6 1 7 2
1524 6 1
1525 6 1 7 1
1526 6 1
1527 6 1 9 1 11 1 12 3 13 2 16 1 17 2
1528 6 1 7 1
1529 6 7 15 1
1530 6 1
1531 6 1
1532 6 1
1533 6 1
1534 6 2 7 1 10 1 14 1 15 1 16 1 17 1
1535 6 1 10 1 16 1
1536 6 1
1537 6 1
1538 6 1
1539 6 1
1540 6 1
1541 6 1 7 1
1542 6 1
1543 6 2 13 1
1544 6 1
1545 6 1
1546 6 1
1547 6 2
1548 6 2
1549 6 1
1550 6 2
1551 6 2 10 1 14 1 17 1
1552 6 1
1553 6 1
1554 6 1
1555 6 1
1556 6 1 16 1
1557 6 1 9 1 13 1
1558 6 2 17 1
1559 6 1
1560 6 1
1561 6 1
1562 6 1
1563 6 1 7 1
1564 6 1
1565 6 1
1566 6 2
1567 6 1 10 3
1568 6 1
1569 6 1
1570 6 1 9 1 11 1 15 1 16 1 17 1
1571 6 1
1572 6 1
1573 6 1
1574 6 1
1575 6 1 17 1
1576 6 1 11 1
1577 6 1 9 1
1578 6 1
1579 6 1 7 1
1580 6 1
1581 6 1
1582 6 1
1583 6 1
1584 6 1
1585 6 2 9 1 16 1
1586 6 1
1587 6 1 11 1
1588 6 1
1589 6 1 17 1
1590 6 1
1591 6 1 13 1
1592 6 2
1593 6 1
1594 6 1
1595 6 1 16 1
1596 6 1 16 1
1597 6 1 11 1 15 1
1598 6 1
1599 6 1 7 1 9 1 17 1
1600 6 2 14 1
1601 6 1 16 2
1602 6 1
1603 6 1
1604 6 1 8 1
1605 6 1 7 1
1606 6 1
1607 6 1 8 1 9 2 16 2 17 1
1608 6 2 7 1 9 1 11 1 13 1 16 1
1609 6 1
1610 6 1
1611 6 1
1612 6 1
1613 6 1
1614 6 1 7 1 11 1 13 1
1615 6 1 9 1 10 1 15 1
1616 6 1
1617 6 3
1618 6 1
1619 6 1
1620 6 1
1621 6 1
1622 6 2
1623 6 1
1624 6 1
1625 6 1
1626 6 1 16 1
1627 6 1
1628 6 1 10 1 14 1
1629 6 1
1630 6 1 16 2
1631 6 1 16 3
1632 6 1
1633 6 1
1634 6 1
1635 6 1
1636 6 1 17 1
1637 6 1
1638 6 1
1639 6 1
1640 6 1
1641 6 1
1642 6 1
1643 6 1
1644 6 1
1645 6 1
1646 6 1
1647 6 1
1648 6 1
1649 6 1
1650 6 1
1651 6 1 7 1
1652 6 1 8 1 15 1
1653 6 1 13 1
1654 6 1 12 1 13 1
1655 6 1 8 1
1656 6 1
1657 6 1
1658 6 1
1659 6 1 14 1 15 1
1660 6 1 9 2 10 1 11 5 15 1
1661 6 1
1662 6 1
1663 6 1
1664 6 1
1665 6 1
1666 6 1
1667 6 1
1668 6 1
1669 6 1 9 2 16 1
1670 6 1
1671 6 2 7 1
1672 6 1
1673 6 1 14 1
1674 6 1
1675 6 1
1676 7 1
1677 7 18
1678 7 4 9 1
1679 7 5
1680 7 1
1681 7 1 12 1
1682 7 3
1683 7 1
1684 7 1
1685 7 1
1686 7 2
1687 7 1 8 1
1688 7 1
1689 7 1
1690 7 1
1691 7 2 11 1
1692 7 1
1693 7 1
1694 7 2
1695 7 1 8 2
1696 7 2
1697 7 1
1698 7 2
1699 7 3
1700 7 1
1701 7 1
1702 7 1 14 1
1703 7 1 15 1
1704 7 1 9 1
1705 7 1 10 1
1706 7 2 15 1
1707 7 1
1708 7 1
1709 7 1
1710 7 2
1711 7 1
1712 7 1
1713 7 1
1714 7 1
1715 7 1 12 1
1716 7 1
1717 7 1 17 1
1718 7 1
1719 7 1
1720 7 1
1721 7 1
1722 7 1
1723 7 1
1724 7 2
1725 7 3
1726 7 1
1727 7 2
1728 7 1
1729 7 1 11 1
1730 7 1
1731 7 2 9 1
1732 7 1
1733 7 1
1734 7 1
1735 7 1
1736 7 1
1737 7 1
1738 7 1
1739 7 1
1740 7 1
1741 7 1
1742 7 1
1743 7 1
1744 7 1
1745 7 1
1746 7 1
1747 7 1 8 1 13 3
1748 7 2 10 1
1749 7 1
1750 7 1
1751 7 1
1752 7 1
1753 7 1
1754 7 1
1755 7 1 15 1
1756 7 3 14 1
1757 7 2 9 1 13 1
1758 7 1 13 1
1759 7 4
1760 7 2 9 1
1761 7 1 10 1
1762 7 1
1763 7 1
1764 7 1
1765 7 1
1766 7 1
1767 7 1
1768 7 1 14 1
1769 7 2
1770 7 1 17 1
1771 7 1
1772 7 1
1773 7 3
1774 7 1 14 1
1775 7 1 13 1
1776 7 1 13 1
1777 7 1
1778 7 1 8 1
1779 7 1
1780 7 1
1781 7 1
1782 7 1 12 1
1783 7 1
1784 7 1
1785 7 1
1786 7 1
1787 7 1
1788 7 1
1789 7 1
1790 7 1
1791 7 1
1792 7 1
1793 7 2 13 2
1794 7 1 17 2
1795 7 1
1796 7 1
1797 7 1
1798 7 1 10 1 13 1 17 1
1799 7 2
1800 7 2
1801 7 1 9 1 15 3
1802 7 1
1803 7 1 9 1
1804 7 1
1805 7 1
1806 7 1 9 1
1807 7 2 12 1
1808 7 1
1809 7 1
1810 7 3 8 2
1811 7 1
1812 7 1
1813 7 1
1814 7 1
1815 7 1
1816 7 1
1817 7 1
1818 7 1
1819 7 2 14 2
1820 7 1
1821 7 1
1822 7 1
1823 7 1
1824 7 1 17 1
1825 7 1 11 1
1826 7 1
1827 7 1
1828 7 1 11 1 13 1
1829 7 1
1830 7 1
1831 7 1
1832 7 1
1833 7 1
1834 7 1
1835 7 1 13 1
1836 7 2 12 1
1837 7 4
1838 7 1
1839 7 1
1840 7 1
1841 7 1
1842 7 1
1843 7 1
1844 7 1 9 1 10 1
1845 7 1
1846 7 1
1847 7 1
1848 7 1
1849 7 1 12 1
1850 7 1 13 1
1851 7 1
1852 7 1
1853 7 1
1854 7 1 8 1
1855 8 1 12 1
1856 8 5
1857 8 1 15 1
1858 8 1
1859 8 1 9 1
1860 8 1
1861 8 1
1862 8 1
1863 8 1
1864 8 1
1865 8 1
1866 8 2 14 1 16 1 17 1
1867 8 1
1868 8 2 11 1
1869 8 1
1870 8 1
1871 8 1
1872 8 1
1873 8 1
1874 8 1
1875 8 1
1876 8 1
1877 8 2
1878 8 5
1879 8 2
1880 8 1
1881 8 1
1882 8 2
1883 8 1
1884 8 9
1885 8 2
1886 8 1
1887 8 1
1888 8 1 9 3 15 1
1889 8 1 10 1 16 1
1890 8 1
1891 8 1
1892 8 1 13 1
1893 8 1
1894 8 1
1895 8 1 17 1
1896 8 1
1897 8 2
1898 8 1
1899 8 1
1900 8 1
1901 8 1
1902 8 2
1903 8 1
1904 8 1
1905 8 1
1906 8 1
1907 8 1
1908 8 2
1909 8 2
1910 8 1
1911 8 4 11 1
1912 8 1
1913 8 1 11 1 13 1
1914 8 1
1915 8 1
1916 8 1 9 1
1917 8 1
1918 8 1 14 1
1919 8 1 13 1
1920 8 1
1921 8 1
1922 8 1
1923 8 1
1924 8 1 14 1
1925 8 1 15 2
1926 8 1 13 1
1927 8 1
1928 8 1
1929 8 1
1930 8 1
1931 8 1
1932 8 1
1933 8 1
1934 8 1
1935 8 1
1936 8 1
1937 8 1
1938 8 1
1939 8 2
1940 8 1 11 1
1941 8 1
1942 8 1
1943 8 3
1944 8 1
1945 8 1
1946 8 1
1947 8 1
1948 8 2
1949 8 1
1950 8 1
1951 8 1
1952 8 1
1953 8 1
1954 8 1
1955 8 1
1956 8 1
1957 8 1
1958 8 1
1959 8 1
1960 8 1
1961 8 2
1962 8 1
1963 8 1 16 1
1964 8 1
1965 8 1
1966 8 1 10 1 13 1 16 2 17 1
1967 8 1 14 1
1968 8 1 16 1
1969 8 1
1970 8 1
1971 8 1
1972 8 1 10 1
1973 8 1
1974 8 1
1975 8 1
1976 8 1 16 1
1977 8 1
1978 8 1 13 1 14 1 16 2 17 3
1979 8 1
1980 8 1
1981 8 1
1982 8 1 14 1
1983 8 1
1984 8 1
1985 8 1
1986 8 1
1987 8 1
1988 8 1
1989 8 1
1990 8 1
1991 8 1
1992 8 1
1993 8 1 10 1
1994 8 1
1995 8 1
1996 8 1
1997 8 1
1998 8 1
1999 8 1 16 2
2000 8 1
2001 8 1
2002 8 1
2003 8 1 12 1 16 1
2004 8 1 9 1
2005 8 1
2006 8 1
2007 8 1
2008 8 1
2009 8 1
2010 8 1
2011 8 1
2012 8 1
2013 8 1
2014 8 1
2015 8 1
2016 8 1
2017 8 1
2018 8 1 12 1
2019 8 1
2020 8 1
2021 8 1 16 1
2022 8 1 9 1 17 1
2023 8 1
2024 8 1
2025 8 1 9 1
2026 8 1
2027 8 1
2028 8 1
2029 9 1
2030 9 1
2031 9 1 14 1
2032 9 2
2033 9 1
2034 9 2
2035 9 1
2036 9 3
2037 9 3
2038 9 1
2039 9 1 17 2
2040 9 1
2041 9 1
2042 9 1
2043 9 1
2044 9 1 11 1
2045 9 1 13 1 14 1 17 1
2046 9 1
2047 9 1
2048 9 1
2049 9 1
2050 9 6
2051 9 4
2052 9 1
2053 9 1
2054 9 1
2055 9 1
2056 9 1
2057 9 1 16 1 17 1
2058 9 1
2059 9 1
2060 9 1
2061 9 1
2062 9 1 11 1
2063 9 1
2064 9 1
2065 9 1
2066 9 3
2067 9 3
2068 9 1
2069 9 3
2070 9 2
2071 9 1
2072 9 1 13 1
2073 9 1 10 1
2074 9 1 14 1
2075 9 1
2076 9 1
2077 9 1
2078 9 2
2079 9 2
2080 9 2
2081 9 1
2082 9 1
2083 9 1
2084 9 1
2085 9 1
2086 9 1
2087 9 1
2088 9 1
2089 9 1
2090 9 1
2091 9 1
2092 9 1
2093 9 1
2094 9 1
2095 9 1 11 1
2096 9 1
2097 9 1
2098 9 1
2099 9 1
2100 9 1
2101 9 1
2102 9 2 15 1
2103 9 1 10 1 15 1
2104 9 1
2105 9 2
2106 9 1
2107 9 1
2108 9 1
2109 9 1
2110 9 1 13 1
2111 9 1 10 1
2112 9 1
2113 9 1
2114 9 1
2115 9 4
2116 9 1
2117 9 1 11 1
2118 9 1 13 1
2119 9 1
2120 9 1
2121 9 1
2122 9 1
2123 9 2
2124 9 1 14 1
2125 9 1
2126 9 1
2127 9 1
2128 9 1
2129 9 1
2130 9 1
2131 9 1
2132 9 1
2133 9 1
2134 9 1
2135 9 1 15 1
2136 9 1
2137 9 1
2138 9 1
2139 9 1 12 1 13 1
2140 9 1
2141 9 1
2142 9 1
2143 9 1
2144 9 1
2145 9 1 12 1
2146 9 1
2147 9 1 12 1
2148 9 1
2149 9 1
2150 9 1 14 1
2151 9 1
2152 9 1
2153 9 1
2154 9 1
2155 9 1
2156 9 1
2157 9 1
2158 9 1
2159 9 1
2160 9 1
2161 9 1
2162 9 1
2163 9 1
2164 9 1
2165 9 1
2166 9 1
2167 9 1
2168 9 1
2169 9 1 12 1 13 1
2170 9 1
2171 9 1
2172 9 1
2173 9 1
2174 9 1
2175 9 1
2176 9 1
2177 9 1
2178 9 1
2179 9 1
2180 9 1
2181 9 1 10 1 17 1
2182 9 1
2183 9 1
2184 9 1
2185 9 2 11 1
2186 9 1 16 1
2187 9 1
2188 9 1 13 1
2189 9 1
2190 9 1
2191 9 1
2192 9 1
2193 9 1
2194 9 1
2195 9 1
2196 9 1
2197 9 1
2198 9 1
2199 9 1
2200 9 5
2201 9 1 15 1
2202 9 1 12 1 15 1 16 1
2203 9 1 12 11 15 1 16 4 17 1
2204 9 1
2205 9 1
2206 9 1
2207 9 2
2208 9 2 16 1
2209 9 2
2210 9 1
2211 9 1
2212 9 1
2213 9 1 16 1
2214 9 2 17 1
2215 9 1
2216 9 1
2217 9 1
2218 9 1 11 1
2219 9 1 11 1
2220 9 1
2221 9 1
2222 9 1
2223 9 1 10 1
2224 9 1 10 1 16 1
2225 9 1
2226 9 1 11 3 16 1
2227 9 1
2228 9 1
2229 9 1
2230 9 1 11 2 15 1
2231 9 1
2232 9 2
2233 9 1
2234 9 1
2235 9 1
2236 9 2
2237 9 1
2238 9 2 10 2
2239 9 1
2240 9 1
2241 9 1 15 1 16 1
2242 9 1
2243 9 1 14 1
2244 9 1
2245 9 1 17 1
2246 9 1
2247 9 1 11 1
2248 9 1
2249 9 1
2250 9 1 17 1
2251 9 1 13 1
2252 9 1
2253 9 1 10 1 12 2
2254 9 1
2255 9 1
2256 9 1 15 1
2257 9 1
2258 9 1
2259 9 1 15 1
2260 9 1
2261 9 1 10 1 16 2
2262 9 1
2263 9 1
2264 9 1
2265 9 1 17 1
2266 9 1 10 1
2267 9 1
2268 9 2 13 1
2269 9 1
2270 9 1
2271 9 1
2272 9 1
2273 9 1
2274 10 1
2275 10 6
2276 10 1
2277 10 1
2278 10 2
2279 10 4
2280 10 3
2281 10 1
2282 10 1
2283 10 2
2284 10 1
2285 10 1 11 1
2286 10 6 14 1
2287 10 6
2288 10 1
2289 10 1
2290 10 1
2291 10 1
2292 10 1 16 1
2293 10 1
2294 10 1
2295 10 1
2296 10 1
2297 10 1
2298 10 1 11 1
2299 10 1
2300 10 1
2301 10 2
2302 10 2 11 1
2303 10 1
2304 10 3
2305 10 1 13 1 15 1
2306 10 1 11 4
2307 10 1 16 1
2308 10 1
2309 10 1 17 5
2310 10 1
2311 10 1
2312 10 1
2313 10 1
2314 10 1
2315 10 1
2316 10 1
2317 10 1
2318 10 1
2319 10 1 11 1
2320 10 1
2321 10 1
2322 10 1
2323 10 2 12 1
2324 10 1
2325 10 1 12 1
2326 10 1
2327 10 1
2328 10 1
2329 10 1 11 1 12 1 14 1
2330 10 1
2331 10 1
2332 10 1
2333 10 1
2334 10 1
2335 10 1
2336 10 1
2337 10 1
2338 10 1
2339 10 1
2340 10 1
2341 10 1
2342 10 1
2343 10 1
2344 10 1
2345 10 1 15 1
2346 10 1
2347 10 1
2348 10 1
2349 10 1
2350 10 1
2351 10 1 16 1
2352 10 1
2353 10 1
2354 10 6
2355 10 4
2356 10 1 15 1
2357 10 1
2358 10 1
2359 10 1
2360 10 1
2361 10 1
2362 10 1
2363 10 1
2364 10 1
2365 10 1 11 1
2366 10 1
2367 10 2
2368 10 2
2369 10 1 11 1 13 1 15 1
2370 10 1
2371 10 4
2372 10 1
2373 10 1
2374 10 1
2375 10 1 12 1
2376 10 1
2377 10 1
2378 10 1 16 2
2379 10 1
2380 10 1
2381 10 1
2382 10 2 14 1
2383 10 1
2384 10 1
2385 10 1
2386 10 1
2387 10 1
2388 10 1
2389 10 1 11 2
2390 10 1
2391 10 1 13 2
2392 10 1
2393 10 1 11 2
2394 10 1
2395 10 1
2396 10 1
2397 10 1
2398 10 1
2399 10 1 16 1
2400 10 1 12 1
2401 10 1 15 1
2402 10 1
2403 10 1
2404 10 1
2405 10 1
2406 10 1 15 1
2407 10 1
2408 10 1
2409 10 1
2410 10 1
2411 10 1
2412 10 1 16 1
2413 10 1
2414 10 1 13 1
2415 10 1 11 1
2416 10 1
2417 10 1
2418 10 1
2419 10 1
2420 10 1
2421 10 1 13 1 17 3
2422 11 1 12 1 13 3 14 1
2423 11 6
2424 11 1
2425 11 1
2426 11 1
2427 11 1 14 1
2428 11 2
2429 11 2
2430 11 1
2431 11 1
2432 11 1
2433 11 1
2434 11 3
2435 11 1
2436 11 2
2437 11 1
2438 11 1
2439 11 1 15 1
2440 11 1 16 1
2441 11 1 15 1
2442 11 2
2443 11 1
2444 11 1
2445 11 1 13 1 15 1
2446 11 2
2447 11 1
2448 11 1
2449 11 1
2450 11 1 17 1
2451 11 1
2452 11 2
2453 11 1
2454 11 1
2455 11 1
2456 11 2
2457 11 1
2458 11 2
2459 11 1 13 1
2460 11 1 12 1
2461 11 1
2462 11 1
2463 11 1
2464 11 1
2465 11 1
2466 11 1
2467 11 1
2468 11 1
2469 11 1
2470 11 1
2471 11 1
2472 11 1
2473 11 1
2474 11 1
2475 11 1
2476 11 8
2477 11 1
2478 11 1
2479 11 1
2480 11 1
2481 11 1
2482 11 1
2483 11 1
2484 11 1 16 1 17 1
2485 11 1
2486 11 1
2487 11 1
2488 11 1 17 1
2489 11 1
2490 11 1
2491 11 1
2492 11 1
2493 11 1
2494 11 1
2495 11 1
2496 11 1
2497 11 1 15 1 17 1
2498 11 1
2499 11 1
2500 11 1
2501 11 1
2502 11 1
2503 11 1
2504 11 2
2505 11 1
2506 11 1
2507 11 1
2508 11 1
2509 11 1
2510 11 1
2511 11 1
2512 11 1 17 1
2513 11 1 15 1 16 1 17 1
2514 11 1
2515 11 1
2516 11 3
2517 11 1
2518 11 1
2519 11 1
2520 11 1
2521 11 1
2522 11 1
2523 11 1
2524 11 1 12 1
2525 11 1
2526 11 1
2527 11 1
2528 11 1
2529 11 1
2530 11 1
2531 11 1
2532 11 1
2533 11 1
2534 11 1 15 1
2535 11 1
2536 11 1
2537 11 1 12 1 15 1 17 3
2538 11 1 15 1
2539 11 1
2540 11 1
2541 11 1
2542 11 1
2543 11 1
2544 11 1
2545 11 1
2546 11 1
2547 11 1
2548 11 1
2549 11 1
2550 11 1 12 1
2551 11 1 15 1
2552 11 1
2553 11 1
2554 11 1
2555 11 1
2556 12 1
2557 12 1
2558 12 1
2559 12 2 16 1 17 2
2560 12 1
2561 12 1 17 1
2562 12 1
2563 12 1
2564 12 6 13 1
2565 12 1
2566 12 2
2567 12 3 17 2
2568 12 1
2569 12 1 13 1 14 1
2570 12 1
2571 12 2
2572 12 1
2573 12 1 17 1
2574 12 1
2575 12 1
2576 12 1
2577 12 1
2578 12 1
2579 12 1
2580 12 1
2581 12 1 16 1
2582 12 1
2583 12 1
2584 12 1
2585 12 1
2586 12 1
2587 12 1
2588 12 1 16 1
2589 12 1
2590 12 1
2591 12 1
2592 12 1
2593 12 1
2594 12 1
2595 12 1
2596 12 1
2597 12 1
2598 12 1
2599 12 1
2600 12 1
2601 12 1
2602 12 1
2603 12 1
2604 12 1
2605 12 1
2606 12 1
2607 12 1
2608 12 1
2609 12 1 16 1
2610 12 1 16 1 17 1
2611 12 1
2612 12 1 13 1
2613 12 1
2614 12 1
2615 12 1
2616 12 1
2617 12 1
2618 12 1
2619 12 1
2620 12 1
2621 12 1
2622 12 1
2623 12 1
2624 12 1
2625 12 1
2626 12 1
2627 12 1
2628 12 1
2629 12 1 14 1
2630 12 2
2631 12 1
2632 12 1
2633 12 1
2634 12 1 13 1
2635 12 1
2636 12 1
2637 12 1
2638 12 1
2639 12 1 16 1 17 1
2640 12 1
2641 12 1
2642 12 1
2643 12 1
2644 12 1
2645 12 1
2646 12 1
2647 12 1
2648 12 1 15 1
2649 12 1
2650 12 1 13 1
2651 12 1
2652 12 1
2653 12 1
2654 12 1
2655 12 1 14 1 16 1
2656 12 1
2657 12 1
2658 12 2
2659 12 1
2660 12 1
2661 12 1 13 1
2662 12 1 15 1
2663 12 1
2664 12 1
2665 12 1
2666 12 2
2667 12 1
2668 12 1
2669 12 1
2670 12 1
2671 12 1
2672 12 1
2673 12 1 13 1
2674 12 1
2675 12 1
2676 12 1 14 1 15 2
2677 12 1
2678 12 1
2679 12 1
2680 12 1
2681 12 1
2682 12 1
2683 12 1
2684 13 1
2685 13 2
2686 13 1
2687 13 2
2688 13 1
2689 13 1
2690 13 1
2691 13 1
2692 13 1
2693 13 1
2694 13 1
2695 13 1
2696 13 1
2697 13 1
2698 13 1
2699 13 1
2700 13 1
2701 13 1
2702 13 1
2703 13 1
2704 13 1
2705 13 1
2706 13 1
2707 13 1
2708 13 1
2709 13 1
2710 13 1
2711 13 6
2712 13 1
2713 13 1
2714 13 1
2715 13 1
2716 13 1 16 2
2717 13 1 16 1
2718 13 1
2719 13 1
2720 13 1
2721 13 1
2722 13 1
2723 13 5
2724 13 1
2725 13 1
2726 13 1
2727 13 1
2728 13 1
2729 13 1
2730 13 1
2731 13 2
2732 13 2
2733 13 1
2734 13 1
2735 13 1
2736 13 2
2737 13 1
2738 13 1
2739 13 1
2740 13 6
2741 13 1 15 1
2742 13 1
2743 13 2
2744 13 1
2745 13 1
2746 13 1
2747 13 1
2748 13 1
2749 13 1
2750 13 1
2751 13 1
2752 13 1
2753 13 1
2754 13 1
2755 13 1
2756 13 1
2757 13 1
2758 13 1
2759 13 1
2760 13 1
2761 13 1
2762 13 1 15 2
2763 13 1
2764 13 1 16 2
2765 13 1
2766 13 1
2767 13 1
2768 13 1
2769 13 1
2770 13 1
2771 13 1
2772 13 1
2773 13 1
2774 13 1 17 1
2775 13 1
2776 13 1
2777 13 1
2778 13 1
2779 13 1
2780 13 1
2781 13 1
2782 13 1
2783 13 1
2784 13 1
2785 13 1
2786 13 1 17 1
2787 13 1
2788 13 1
2789 13 1
2790 13 1
2791 13 1
2792 13 1
2793 13 1
2794 13 1
2795 13 1
2796 13 1
2797 13 1
2798 13 1
2799 13 1
2800 13 1
2801 13 1 17 1
2802 13 1
2803 13 1
2804 13 1
2805 13 1
2806 13 1
2807 13 1
2808 13 1 17 4
2809 13 1
2810 13 1
2811 13 1
2812 13 1
2813 13 1
2814 13 1
2815 13 1
2816 13 1
2817 13 1
2818 13 1
2819 13 1
2820 13 1
2821 13 1
2822 13 1
2823 13 1
2824 13 1 16 1
2825 13 1
2826 13 1
2827 13 1
2828 13 1
2829 13 1
2830 13 2
2831 13 1
2832 13 1
2833 13 1
2834 13 1
2835 13 1
2836 13 1
2837 13 1
2838 13 1
2839 13 1
2840 13 3
2841 13 1
2842 13 1
2843 13 1
2844 13 1
2845 13 1
2846 13 1
2847 13 1
2848 13 1
2849 13 1
2850 13 1
2851 13 1
2852 13 1 14 1
2853 13 1
2854 13 1
2855 13 1
2856 13 1
2857 13 1
2858 13 2
2859 13 1
2860 13 1
2861 13 1
2862 13 1
2863 13 1
2864 13 1
2865 13 1
2866 13 1 17 1
2867 13 1
2868 13 1
2869 13 1
2870 13 1 14 1 15 1 17 1
2871 13 1
2872 13 1
2873 13 1
2874 13 1
2875 13 1
2876 13 1
2877 13 1
2878 13 1
2879 13 1
2880 13 1
2881 13 1
2882 13 1
2883 13 1
2884 13 1
2885 13 1
2886 13 1
2887 13 1
2888 13 1
2889 13 1
2890 13 1
2891 13 1
2892 13 1 14 2
2893 13 1
2894 13 1
2895 13 1
2896 13 1
2897 14 10
2898 14 1
2899 14 1
2900 14 1 17 1
2901 14 1
2902 14 1
2903 14 1
2904 14 1
2905 14 1
2906 14 1 16 1
2907 14 1
2908 14 1 15 3
2909 14 1 16 1
2910 14 1
2911 14 1
2912 14 1
2913 14 1 15 1
2914 14 1
2915 14 5
2916 14 1 16 1
2917 14 1
2918 14 1
2919 14 1 16 1
2920 14 1
2921 14 1
2922 14 1
2923 14 1
2924 14 1 16 1
2925 14 1
2926 14 1
2927 14 1
2928 14 1
2929 14 2
2930 14 1
2931 14 1
2932 14 2
2933 14 1
2934 14 1
2935 14 1
2936 14 1
2937 14 1
2938 14 1
2939 14 1
2940 14 1
2941 14 1
2942 14 1
2943 14 1
2944 14 1
2945 14 1
2946 14 3
2947 14 1
2948 14 1
2949 14 1
2950 14 1
2951 14 1
2952 14 1
2953 14 1
2954 14 1
2955 14 1
2956 14 1 15 1
2957 14 1
2958 14 1
2959 14 1
2960 14 1
2961 14 1
2962 14 2
2963 14 1
2964 14 1
2965 14 1
2966 14 1
2967 14 1
2968 14 1
2969 14 1
2970 14 1
2971 14 1
2972 14 1
2973 14 1
2974 14 1
2975 14 1
2976 14 1
2977 14 1
2978 14 1
2979 14 1
2980 14 1
2981 14 1
2982 14 1
2983 14 1
2984 14 1
2985 14 1
2986 14 1
2987 14 1
2988 14 1
2989 14 1
2990 14 1 16 1
2991 14 1
2992 14 1
2993 14 2
2994 14 1
2995 14 1
2996 14 1
2997 15 1 16 1
2998 15 4 16 4
2999 15 1
3000 15 1
3001 15 1
3002 15 1 17 1
3003 15 1 17 1
3004 15 1
3005 15 1
3006 15 1
3007 15 1
3008 15 1
3009 15 1
3010 15 1
3011 15 1
3012 15 1
3013 15 2
3014 15 4
3015 15 1
3016 15 1
3017 15 1
3018 15 1
3019 15 1
3020 15 1
3021 15 1
3022 15 1
3023 15 2
3024 15 1
3025 15 1
3026 15 1
3027 15 1
3028 15 3
3029 15 1
3030 15 1
3031 15 1
3032 15 2
3033 15 1
3034 15 1
3035 15 1
3036 15 1
3037 15 1
3038 15 1
3039 15 1
3040 15 2
3041 15 1
3042 15 1
3043 15 1
3044 15 2
3045 15 1
3046 15 2
3047 15 1
3048 15 1
3049 15 1
3050 15 1 16 1
3051 15 1
3052 15 2
3053 15 2
3054 15 1
3055 15 1
3056 15 1
3057 15 1
3058 15 2
3059 15 1
3060 15 1
3061 15 1
3062 15 1
3063 15 1
3064 15 1
3065 15 1
3066 15 1
3067 15 2
3068 15 1
3069 15 1
3070 15 1 16 1
3071 15 1
3072 15 1
3073 15 1
3074 15 1
3075 15 1
3076 15 1
3077 15 1
3078 15 1
3079 15 1
3080 15 1
3081 15 1
3082 15 1
3083 15 1
3084 15 1
3085 15 1
3086 15 1
3087 15 1
3088 15 1
3089 15 1
3090 15 1
3091 15 1
3092 15 1
3093 15 1
3094 15 1
3095 15 1
3096 15 1
3097 15 1
3098 15 1
3099 15 1
3100 16 1
3101 16 1
3102 16 1
3103 16 1
3104 16 1
3105 16 1
3106 16 2
3107 16 2
3108 16 2
3109 16 1
3110 16 1
3111 16 1
3112 16 1
3113 16 2
3114 16 1
3115 16 2
3116 16 1
3117 16 2
3118 16 1 17 1
3119 16 1
3120 16 1
3121 16 2
3122 16 1
3123 16 1
3124 16 1
3125 16 2
3126 16 1
3127 16 1
3128 16 1
3129 16 1
3130 16 1
3131 16 1
3132 16 1
3133 16 1
3134 16 1
3135 16 1
3136 16 1
3137 16 1
3138 16 1
3139 16 1
3140 16 1
3141 16 6
3142 16 6
3143 16 1
3144 16 1
3145 16 2
3146 16 1
3147 16 1
3148 16 1
3149 16 1
3150 16 1
3151 16 1
3152 16 1
3153 16 1
3154 16 1
3155 16 3
3156 16 1
3157 16 1
3158 16 1
3159 16 1
3160 16 1
3161 16 1
3162 16 1
3163 16 1
3164 16 4
3165 16 1
3166 16 1
3167 16 3
3168 16 1
3169 16 1
3170 16 1
3171 16 1
3172 16 2
3173 16 1
3174 16 1
3175 16 1
3176 16 2
3177 16 2
3178 16 1
3179 16 1
3180 16 1
3181 16 1
3182 16 1
3183 16 1
3184 16 1
3185 16 1
3186 16 2
3187 16 1
3188 16 1
3189 16 1
3190 16 1
3191 16 2
3192 16 1
3193 16 1
3194 16 1
3195 16 1
3196 16 1
3197 16 2
3198 16 1
3199 16 1
3200 16 1
3201 16 1
3202 16 1
3203 16 1
3204 16 1
3205 16 1
3206 16 1
3207 16 1
3208 16 1
3209 16 1
3210 16 1
3211 16 1
3212 16 1
3213 16 1 17 1
3214 16 1
3215 16 2
3216 16 1
3217 16 1
3218 16 1
3219 16 1
3220 16 1
3221 16 1 17 1
3222 16 2
3223 16 1
3224 16 2
3225 16 1
3226 16 1
3227 16 1
3228 16 1
3229 16 1
3230 16 1
3231 16 1
3232 16 1
3233 16 1
3234 16 1
3235 16 1
3236 16 1
3237 16 1
3238 16 1
3239 16 1
3240 16 1
3241 16 1
3242 16 1
3243 16 1
3244 16 1
3245 16 2
3246 16 1
3247 16 1
3248 16 1
3249 16 1
3250 16 1
3251 16 1
3252 16 1
3253 16 1
3254 16 1
3255 16 1
3256 16 1
3257 16 1
3258 16 1
3259 16 1
3260 16 1
3261 16 1
3262 16 1
3263 16 1
3264 16 1
3265 16 1
3266 17 1
3267 17 2
3268 17 1
3269 17 2
3270 17 1
3271 17 1
3272 17 1
3273 17 1
3274 17 1
3275 17 1
3276 17 1
3277 17 2
3278 17 1
3279 17 1
3280 17 1
3281 17 1
3282 17 1
3283 17 1
3284 17 1
3285 17 1
3286 17 1
3287 17 1
3288 17 1
3289 17 3
3290 17 1
3291 17 1
3292 17 1
3293 17 1
3294 17 1
3295 17 2
3296 17 5
3297 17 1
3298 17 1
3299 17 1
3300 17 1
3301 17 1
3302 17 1
3303 17 1
3304 17 1
3305 17 1
3306 17 2
3307 17 1
3308 17 1
3309 17 2
3310 17 2
3311 17 1
3312 17 1
3313 17 1
3314 17 1
3315 17 1
3316 17 1
3317 17 2
3318 17 1
3319 17 1
3320 17 1
3321 17 1
3322 17 1
3323 17 1
3324 17 1
3325 17 1
3326 17 1
3327 17 1
3328 17 1
3329 17 1
3330 17 1
3331 17 1
3332 17 1
3333 17 1
3334 17 1
3335 17 1
3336 17 1
3337 17 1
3338 17 1
3339 17 1
3340 17 1
3341 17 1
3342 17 1
3343 17 1
3344 17 1
3345 17 1
3346 17 1
3347 17 1
3348 17 1
3349 17 1
3350 17 1
3351 17 1
3352 17 1
3353 17 1
3354 17 1
3355 17 1
3356 17 2
3357 17 1
3358 17 1
3359 17 1
3360 17 1
3361 17 1
3362 17 1
